[
    52,
    53,
    54,
    55,
    58,
    62,
    63,
    64,
    71,
    72,
    73,
    74,
    81,
    82,
    83,
    84,
    85,
    109,
    110,
    111,
    118,
    119,
    120,
    126,
    127,
    128,
    129,
    130,
    136,
    137,
    138,
    139,
    140,
    141,
    142,
    143,
    144,
    145,
    146,
    147,
    148,
    149,
    150,
    151,
    152,
    153,
    154,
    155,
    156,
    157,
    158,
    159,
    160,
    161,
    162,
    163,
    164,
    165,
    166,
    167,
    168,
    174,
    175,
    176,
    177,
    178,
    179,
    180,
    181,
    182,
    183,
    184,
    185,
    186,
    187,
    188,
    189,
    190,
    191,
    192,
    193,
    194,
    195,
    196,
    197,
    198
]